1+2i          0          0          0       
   0          0       -1          0       
   0          0       3+3i          0       
   0          0          0       -7+2i       
1+2i          0          0          0       
   0          0       -1          0       
   0          0       3+3i          0       
   0          0          0       -7+2i       

*
6+2i       
   0       
   0       
-2+3i       

=
2+14i       
   0       
   0       
   0       


1+2i          0          0          0       
   0          0       -1          0       
   0          0       3+3i          0       
   0          0          0       -7+2i       

+
   0       3+3i          0          0       
   0          0       -2       -8       
5          0          0          0       
   0          0          0       5+2i       

=
1+2i       3+3i          0          0       
   0          0       -3       -8       
5          0       3+3i          0       
   0          0          0       -2+4i       


   0       3+3i          0          0       
   0          0       -2       -8       
5          0          0          0       
   0          0          0       5+2i       


Determinantul = 120

Inversa = 
0       -0       0.2       -0       
0.166667       0       -0       0       
0       -0.25+0.25i       0       -0.206897+0.482759i       
-0       0       -0       0.172414       
